Assignment 3b: Statistics Report 
Author: William Santos 
Date: 09-30-2019
Method: Dirichlet Prior

Query: financial banking analyst profitable

Smoothing: 1
test/15561 :	0.05419003420872177
test/15596 :	0.043551177764097185
test/15595 :	0.027917535158964037
test/14843 :	0.02758153199429249
test/15061 :	0.025770032454428337

Smoothing: 50
test/15596 :	0.027555621068942958
test/15561 :	0.026180968443433362
test/14843 :	0.025115096620837652
test/15372 :	0.02065081090655194
test/16130 :	0.018441189634617317

Smoothing: 100
test/14843 :	0.023098647735483004
test/15596 :	0.020851943882562732
test/15372 :	0.019082583478454894
test/15561 :	0.01840534244316572
test/16130 :	0.016717549028973107