Assignment 3b: Statistics Report 
Author: William Santos 
Date: 09-30-2019
Method: Dirichlet Prior

Query: financial banking pay

Smoothing: 1
test/15561 :	0.054149240162321456
test/15596 :	0.04352930269573759
test/15595 :	0.02787560794460816
test/15061 :	0.025731330410407528
test/16247 :	0.022807315591043043

Smoothing: 50
test/15596 :	0.026916053392327867
test/15561 :	0.025303422096449864
test/14843 :	0.016018067634586356
test/15595 :	0.013836403532878686
test/15061 :	0.013364707957894188

Smoothing: 100
test/15596 :	0.01995350357493677
test/15561 :	0.017295504416098357
test/14843 :	0.014763430924878265
test/15894 :	0.010182634634586048
test/15595 :	0.010016211856217606