Assignment 3b: Statistics Report 
Author: William Santos 
Date: 09-30-2019
Method: Dirichlet Prior

Query: financial analyst profitable job high pay

Smoothing: 1
test/15561 :	0.054226943107845864
test/15596 :	0.043570969492613
test/14843 :	0.037610017280677435
test/15595 :	0.027955469305286022
test/15061 :	0.025805048589494783

Smoothing: 50
test/14843 :	0.03419608203016706
test/15596 :	0.028134277538261372
test/15561 :	0.026974938947847003
test/15372 :	0.02303536774445277
test/16130 :	0.01864260988057476

Smoothing: 100
test/14843 :	0.03140499899403551
test/15596 :	0.02166481844660527
test/15372 :	0.021364838351465232
test/15561 :	0.019409481610512383
test/16130 :	0.017068610537351373