Assignment 3b: Statistics Report 
Author: William Santos 
Date: 09-30-2019
Method: Jelinek Mercer

Query: financial banking pay

Smoothing: 0.3
test/15561 :	0.039945454690657016
test/15596 :	0.0319389187429446
test/15595 :	0.021056565801768127
test/15061 :	0.019477618433347076
test/16247 :	0.01733563556920999

Smoothing: 0.6
test/15561 :	0.024335353825758483
test/15596 :	0.019760190427065675
test/15595 :	0.013541703032107688
test/15061 :	0.012639447393009944
test/16247 :	0.011415457184931609

Smoothing: 0.9
test/15561 :	0.008725252960859945
test/15596 :	0.007581462111186744
test/15595 :	0.006026840262447248
test/15061 :	0.005801276352672812
test/16247 :	0.005495278800653229