Assignment 3b: Statistics Report 
Author: William Santos 
Date: 09-30-2019
Method: Jelinek Mercer

Query: financial analyst profitable job high pay

Smoothing: 0.3
test/15561 :	0.040807957385977936
test/15596 :	0.03280142143826552
test/14843 :	0.028300978044827743
test/15595 :	0.02191906849708905
test/15061 :	0.020340121128668

Smoothing: 0.6
test/15561 :	0.02606035921640033
test/15596 :	0.021485195817707522
test/14843 :	0.018913513878600217
test/15595 :	0.015266708422749534
test/15061 :	0.014364452783651789

Smoothing: 0.9
test/15561 :	0.011312761046822713
test/15596 :	0.010168970197149511
test/14843 :	0.009526049712372687
test/15595 :	0.008614348348410017
test/15061 :	0.00838878443863558