Assignment 3b: Statistics Report 
Author: William Santos 
Date: 09-30-2019
Method: Jelinek Mercer

Query: financial banking analyst profitable

Smoothing: 0.3
test/15561 :	0.0403982686057005
test/15596 :	0.03239173265798808
test/15595 :	0.021509379716811612
test/14843 :	0.02085611338515332
test/15061 :	0.01993043234839056

Smoothing: 0.6
test/15561 :	0.025240981655845453
test/15596 :	0.020665818257152645
test/15595 :	0.014447330862194657
test/14843 :	0.014074035815532777
test/15061 :	0.013545075223096913

Smoothing: 0.9
test/15561 :	0.010083694705990399
test/15596 :	0.008939903856317197
test/15595 :	0.0073852820075777014
test/14843 :	0.007291958245912232
test/15061 :	0.007159718097803265